10 8
0.28651 0.122479 0.538276 0.69533 0.281908 0.408975 0.972827 0.797371 
0.617515 0.859349 0.232205 0.267157 0.0194589 0.727736 0.897367 0.866329 
0.368176 0.852214 0.932808 0.352209 0.384254 0.835619 0.272197 0.207489 
0.23829 0.188281 0.808438 0.520002 0.0588938 0.309988 0.674128 0.019838 
0.0110646 0.265166 0.0339932 0.291537 0.266997 0.433911 0.572421 0.0626543 
0.807978 0.0966744 0.423056 0.733768 0.51878 0.366005 0.0999134 0.556423 
0.941366 0.161214 0.933307 0.209581 0.580953 0.953633 0.988655 0.272282 
0.988715 0.13035 0.0730366 0.835202 0.335308 0.151506 0.918437 0.430311 
0.673606 0.970441 0.407767 0.0729157 0.0122343 0.0793161 0.358057 0.327778 
0.12506 0.325758 0.50163 0.541799 0.176084 0.327358 0.452878 0.657684 
